Iid1,f.3811,f.3IIH6,f.A171,f.A3G313,f.A509,f.A556,f.A619,f.A632,f.AH83,f.B100,f.B14,f.B164,f.B2,f.B37,f.B64,f.B70,f.B73,f.B841,f.B85,f.B93,f.B96,f.BSSS,f.C103,f.C49,f.CG102,f.CG110,f.CG120,f.CG123,f.CG124,f.CG65,f.CGR01,f.CI18722,f.CI540,f.CM105,f.CM37,f.CM7,f.CMV3,f.CO255,f.EP1,f.F115,f.F72,f.FE,f.H93,f.H99,f.I159,f.I205,f.Ill.Hy,f.L317,f.LH1,f.LH123HT,f.LH132,f.LH145,f.LH162,f.LH185,f.LH195,f.LH198,f.LH210,f.LH38,f.LH51,f.LH59,f.LH82,f.M14,f.MinnesotaNo13,f.Mo17,f.Mt42,f.ND246,f.Oh40B,f.Oh43,f.OS420,f.Os426,f.PH207,f.PHB09,f.PHB47,f.PHG29,f.PHG35,f.PHG39,f.PHG47,f.PHG50,f.PHG83,f.PHG84,f.PHG86,f.PHHV4,f.PHJ40,f.PHJ65,f.PHJ89,f.PHK05,f.PHK29,f.PHK56,f.PHK76,f.PHM49,f.PHM57,f.PHN37,f.PHN47,f.PHN66,f.PHN82,f.PHP38,f.PHP60,f.PHR03,f.PHR25,f.PHR47,f.PHR55,f.PHR63,f.PHRE1,f.PHT77,f.PHV63,f.PHW03,f.PHW30,f.PHW52,f.PHW53,f.PHZ51,f.Q381,f.T8,f.Tr,f.Va17,f.W117,f.W153R,f.WD456,f.Wf9
3811,0.995106063356752,0.295704753946249,0.250639312993467,0.208868439345641,0.243920572158157,0.256035209594085,0.257041162963431,0.264728002677614,0.942402938376423,0.245451507690251,0.282027118291359,0.31439454569452,0.303545799599366,0.301985849422836,0.24459133404614,0.258750326013598,0.289940409348894,0.281360055322441,0.246698751819635,0.246112592483294,0.195947148011119,0.266989893111585,0.240473095437699,0.22862330536115,0.244020165791676,0.270391173280658,0.265495391456833,0.261756821692022,0.257074641509037,0.280326156572022,0.25783050706186,0.2716629776621,0.262881538889691,0.246750610855089,0.240855621672535,0.242147897051167,0.235801731978059,0.206312542374256,0.177851202029075,0.257640248548039,0.202506515831353,0.292912324413025,0.295189619085771,0.264973047507696,0.275431906138725,0.338439894906274,0.31770101134761,0.221534741082721,0.304586913619156,0.250901002483897,0.302610155644923,0.245499273667321,0.224120605003798,0.254258835092592,0.304596813219767,0.276049324669234,0.252048363437127,0.269640055466366,0.238565954638503,0.25527317473872,0.299170279299806,0.294231494451505,0.264177263106228,0.247924477083241,0.225839155130828,0.231514384780548,0.240903649616752,0.252881929586829,0.301521801008675,0.278464895206086,0.300571161693399,0.290052204660929,0.275463429677237,0.291443706158372,0.283541018351861,0.273115737633286,0.283252772239045,0.200870921809084,0.282482633042502,0.28180874989441,0.274402238799575,0.285927997385402,0.264511657275602,0.269579278612804,0.298782740031216,0.216640760699042,0.264819278973073,0.275724556247336,0.247253591105558,0.30561567429524,0.250180614224205,0.256613680598784,0.276735762271928,0.265471969882302,0.270958558463272,0.271366750822369,0.220136777412025,0.284059382397208,0.280546003110279,0.268591590201515,0.271804301568638,0.301139962259311,0.254638442604531,0.287191311844258,0.257407441529874,0.276959045762102,0.295735957513999,0.284653729276635,0.306970254114447,0.278960435304314,0.291153763677533,0.242556688463994,0.302650236142987,0.264387665514885,0.249370622265103,0.252427219754706,0.285372238124109,0.288664742497211
3IIH6,0.295704753946249,0.962582819225739,0.268800954250373,0.2283008551821,0.292502274987365,0.276290152351231,0.297899003607053,0.272828491845112,0.296453796467262,0.276657419831768,0.271745826792982,0.273499063557307,0.288566288016658,0.265836853509344,0.247038672021951,0.264943069622896,0.280913555854498,0.292956814612158,0.262822948582245,0.275283991690277,0.19817394388073,0.274423722958272,0.255836497291077,0.295344639452514,0.265683055497475,0.288361525270975,0.332215769439426,0.337888300970162,0.291278004093093,0.367584330039247,0.397234158277991,0.338529332677308,0.250771691030968,0.267847899702598,0.233547285975285,0.232980061491211,0.258896339655052,0.208543226863279,0.183251237330266,0.260621151319881,0.197044950580482,0.28882971999274,0.276314006100238,0.272325625224676,0.313157880568746,0.445193591192354,0.303033056199414,0.264721550013149,0.388729479000841,0.38769221128635,0.268937515679756,0.268215621703267,0.268750764482893,0.305057181732443,0.330817774389724,0.279575911189155,0.272308144266303,0.339985541961837,0.294065741514203,0.286837376637293,0.450936300441261,0.286585279613577,0.252960980431798,0.300909413103181,0.256986339087453,0.274513538703684,0.24459699510389,0.300703792189258,0.307531473322595,0.292264780611481,0.656446325715737,0.266143097858675,0.278307837581221,0.710100876863661,0.418223472445033,0.278830464892281,0.570222076672663,0.210785837751367,0.493613002759028,0.302687968445516,0.271717767781876,0.270838850887604,0.265865630909487,0.278654174790041,0.387280895289946,0.237350455126983,0.253688808843731,0.558776146750774,0.324053865854039,0.427349350471904,0.258892895096103,0.340446735837429,0.488628618986754,0.267042752947119,0.579516792288107,0.27728266029241,0.234410123031297,0.432386717693975,0.55608870233464,0.282021271336777,0.308453550611808,0.431706964294766,0.269717632924422,0.311294625685118,0.260289682529555,0.287872656539367,0.512867886169917,0.280727690401364,0.485091618440718,0.274838805861584,0.666211948435113,0.265058539131142,0.305909907141841,0.310879450546549,0.244009603428446,0.286226917114283,0.276542944942889,0.309950789371579
A171,0.250639312993467,0.268800954250373,0.977410767837518,0.213078810516023,0.291232436548124,0.253070221207569,0.360692210217562,0.251026211369654,0.24843176861881,0.241440043277619,0.235363359672388,0.242191960781097,0.256323227495956,0.257887445217154,0.213518029103947,0.235433757994472,0.233824976856462,0.233614343384224,0.249056274050034,0.242375719561946,0.170634662282623,0.233531143854454,0.236918261632643,0.243944575670598,0.254846324233126,0.247770897773527,0.259438167589043,0.256209053084821,0.285299028528449,0.250266481444832,0.260671373417244,0.245249767788707,0.229458210348395,0.251595818756343,0.252065092250262,0.250628009895546,0.253126363477193,0.223505777618392,0.205966276956795,0.250604674850998,0.211280394165335,0.266272611848818,0.257892995497508,0.246411617284297,0.251798402562943,0.274060425397296,0.252489912629326,0.225945291762311,0.261412330614658,0.240649287123969,0.249655744265172,0.251952445426139,0.236270569018545,0.239526584363328,0.254409005976757,0.231658086359867,0.228814251360442,0.315683248620987,0.223939657971965,0.233921347961264,0.258101605974809,0.26120919054388,0.236200769750192,0.228632004477103,0.26307949048955,0.251469865807819,0.229075259546114,0.257972230812991,0.24768839333626,0.255117232970288,0.268260538371603,0.264100108313859,0.258073429530155,0.265714995045521,0.262368155548215,0.246788850451531,0.273400016679177,0.214202500289001,0.254730296083504,0.253189010234184,0.223538611943518,0.242945926002365,0.248612859708801,0.237702437704051,0.272192400904922,0.242607939887807,0.258766868454461,0.280123741546434,0.242533091452299,0.257380664303575,0.245157042829189,0.238465135322035,0.259141025528334,0.267537052148335,0.261938410567137,0.256990912815139,0.204418176633575,0.275389759856171,0.287803405452721,0.239656514838445,0.249585796659705,0.255504944823405,0.232660087400912,0.263715242916839,0.238116080976652,0.273095974090025,0.250966433889855,0.248833517822231,0.28557905904725,0.259404778426057,0.271148613013561,0.252757663022099,0.26078349915971,0.264667458313952,0.231741060531329,0.247098264555797,0.247182506724321,0.254060592999218
A3G313,0.208868439345641,0.2283008551821,0.213078810516023,0.947977172321632,0.205119770771082,0.204510004914256,0.209656918619677,0.215455658409933,0.203902688997011,0.204886756461309,0.210860025326014,0.208112731163281,0.228072937583428,0.204807748881332,0.243066885885593,0.209262111307933,0.208683203849803,0.21656966348094,0.20024091554321,0.197865381288552,0.304572998456796,0.20866970231978,0.206837930562309,0.201802067155277,0.206601745546721,0.199963844635099,0.217266111461641,0.204940196332995,0.20052887211339,0.211571483406172,0.202818636612513,0.21393895135481,0.215176944858458,0.213131597609318,0.207012172471319,0.205825796955314,0.217650230418696,0.194014263115588,0.197070733662853,0.206532563398798,0.192358751032231,0.217360241344789,0.213357202194977,0.198495546351208,0.21347239785009,0.252346705507054,0.213926723051683,0.201497340884169,0.210077981600622,0.216049662022063,0.199378803056948,0.217882656609846,0.211065853531546,0.204359108984902,0.200793335317678,0.212907470689528,0.210178776194238,0.210375590067449,0.215322212535386,0.201504070729844,0.233065951057493,0.201753120186568,0.20745430978214,0.212594587303461,0.20996251684677,0.220379557723918,0.201641950077433,0.211738379775395,0.199030966312044,0.213164174721692,0.211158805275691,0.207978356280014,0.211014215100005,0.21854391969269,0.208534368950544,0.213321726803604,0.226009990516048,0.184051360116882,0.199051680258803,0.194848813900429,0.230527359131878,0.210890294655208,0.225979873327483,0.216077010726603,0.205895141228096,0.198318671458422,0.198229266492711,0.22574328181115,0.226271770815416,0.20692573519877,0.207319637749205,0.220928829613665,0.220532598836154,0.210868088779398,0.210711469034283,0.210958671408672,0.23891425351057,0.215854990479096,0.206936512460639,0.205906079188506,0.198968460760575,0.207254480196381,0.220975145024918,0.206526374603238,0.210352319207229,0.221545928648852,0.208149302442629,0.21397772059082,0.221282653567795,0.192837233788652,0.212595157355383,0.209626156259754,0.225514480370506,0.214957694045855,0.209340148515955,0.214453426305306,0.207986861416663,0.217382993025109
A509,0.243920572158157,0.292502274987365,0.291232436548124,0.205119770771082,0.98780682424285,0.257404204737973,0.256889506330927,0.266445890042026,0.242176667795157,0.22902450115303,0.263987105861014,0.266534856652547,0.268223192601362,0.25877579483048,0.238096432489743,0.231794358722053,0.261236227835568,0.249432460299559,0.235952017918576,0.229652663664646,0.18991999901778,0.242929497191535,0.235736441777624,0.370697968379069,0.283156804782352,0.284400575350981,0.287892356849179,0.262544702387768,0.273862728632992,0.261818658775599,0.26395732766079,0.255021972016645,0.245949045109685,0.318943245295877,0.233333112856204,0.233644733950482,0.355216545809256,0.198876534539363,0.185540888674795,0.263569850674771,0.198145177891135,0.268337905209975,0.262467186736842,0.225671274601905,0.278742907959784,0.281037539057305,0.272909341753029,0.220509577106216,0.251178087655193,0.256042810444867,0.25089615300132,0.310075039771367,0.254761157334837,0.245536248119337,0.240193292178963,0.247956113300907,0.244006037156994,0.263278988694,0.252022918392219,0.256569458547511,0.244728770759584,0.261843693991685,0.24100496101307,0.254547823366417,0.25400511539397,0.265092080910197,0.20149988876428,0.248024367866428,0.263054143860612,0.279038091209882,0.33644465137007,0.261256235754716,0.246818421360146,0.321022233215482,0.260525444404016,0.243938193371174,0.268456066181052,0.199250074968246,0.321838419675417,0.263718721707429,0.247614172005411,0.257813704080169,0.263384216760658,0.244014677793893,0.258773942042871,0.405317002460498,0.254467119893857,0.254998506226243,0.253640871708452,0.257116933751508,0.244841375269595,0.251967119389891,0.26896446739234,0.308602172989624,0.324096615944718,0.244344209168385,0.21894180642587,0.249395095511738,0.386596987976102,0.221356759842292,0.275533874116949,0.253924391477512,0.259733034671895,0.254963965073426,0.255455985493269,0.267086660732903,0.292194786412946,0.24861432786588,0.277233513639124,0.280587913099417,0.332174394795129,0.251438880466785,0.260244179644354,0.253034660237092,0.248583440940816,0.258571708159721,0.287221062468992,0.260981635230083
A556,0.256035209594085,0.276290152351231,0.253070221207569,0.204510004914256,0.257404204737973,0.979568976333981,0.333396168205874,0.266462579393684,0.254403095313286,0.264448012095728,0.252855660605322,0.503245300840923,0.300805308975426,0.256115792780461,0.232221727932107,0.219179468631886,0.26453086075117,0.270939509505532,0.225674710127504,0.267591384895342,0.177696701317671,0.260152961352511,0.218875093235106,0.259651115025174,0.26875068698626,0.26301447271593,0.267285353067454,0.282407745145519,0.318695482378355,0.267576117583133,0.280323336265096,0.292826362579944,0.248015097272234,0.27044012738096,0.233479962320243,0.233807776882815,0.243376050384139,0.215571855816006,0.181949809741867,0.276894308022329,0.194238003978531,0.300088064796938,0.257976948598836,0.280387299989414,0.275131400343778,0.289174319945743,0.259328092417004,0.216408109149583,0.261422265873228,0.291421770332179,0.252052035731581,0.273649222555486,0.225031871750378,0.287154027405708,0.246150459335193,0.256344995492016,0.234445027419868,0.348229198314691,0.258659636885883,0.276312362030557,0.26349107843733,0.243246985208854,0.258447618933912,0.253197862917086,0.242362849890976,0.232609058007331,0.203130511591467,0.345468725920774,0.282380853813747,0.287276205840293,0.26269302476328,0.255583134172057,0.258870236601919,0.268412980430109,0.287504496658948,0.235663563563273,0.305823610123935,0.196736006210411,0.27430913443936,0.249038770270566,0.254774343648492,0.265855786459854,0.237952523143376,0.238484216134219,0.305546407519091,0.2465862771046,0.243441273547609,0.275499912049404,0.28368231420747,0.256509538435871,0.253893710417739,0.277377302699305,0.240370417628349,0.253463610283378,0.266911587755702,0.242518440785081,0.22205237057409,0.251235748953918,0.255488739469125,0.253797451992091,0.244495917148351,0.267737169374972,0.242276567136254,0.312262455465252,0.240161952635526,0.312102213822268,0.253621984400131,0.247777169295555,0.2677311526885,0.268133368298039,0.267133304672828,0.261370712069914,0.328237404647144,0.287151384913143,0.262279969609301,0.322770465503963,0.282330307466666,0.287432835569636
A619,0.257041162963431,0.297899003607053,0.360692210217562,0.209656918619677,0.256889506330927,0.333396168205874,0.962752034788689,0.236015573240391,0.251557570601991,0.423577173792832,0.243360124112827,0.234362023771159,0.252585153139072,0.276871835900417,0.223390029978056,0.29272393913071,0.262598173638458,0.262210137535624,0.304098558362174,0.354703584658028,0.178253878814899,0.230644056700272,0.258625220298206,0.24570914596097,0.265817424200029,0.266695057883177,0.277955481308731,0.291828400872622,0.525090379426446,0.359837485585198,0.289926699100944,0.273453881118308,0.239477441513557,0.262692457563994,0.24066391734729,0.240426742466729,0.260518740707512,0.21717507003328,0.183200490347729,0.246858015483633,0.19940800074558,0.276439606272678,0.289953308021671,0.411915992930588,0.247612619695547,0.275441325070033,0.255264876893679,0.255428119510588,0.29227880464948,0.458451869267672,0.27628846263936,0.254867029146535,0.223872406108283,0.418738972443023,0.285303278481856,0.265155396135081,0.252257382316931,0.849573041284383,0.264360772756795,0.324455891287791,0.233741680812481,0.313513845902241,0.251569584006478,0.248414333302625,0.226205564443125,0.260091243128801,0.502042247859245,0.882836289832114,0.244065482304605,0.263056379852432,0.240546690139329,0.352528385381283,0.278936578702669,0.255157425196627,0.240301149901321,0.256280460289457,0.392281849554011,0.213243243157921,0.26326093197843,0.259733058443868,0.24114705180347,0.236787044142885,0.276163517622508,0.271987382848244,0.426790177079788,0.233953175305596,0.2618289063979,0.306924885303176,0.353247276957529,0.30848051230862,0.25893271362702,0.401267594650214,0.229169569620821,0.259089633849878,0.2539621256818,0.257950534608291,0.218562470865307,0.314844818725524,0.245516966671697,0.378927107663195,0.258896331097141,0.386511301897912,0.280797555755804,0.385641431190405,0.26210867970395,0.270558131932452,0.322007708456045,0.264310314366016,0.271657677462907,0.26484795367829,0.246909530776351,0.254907482389142,0.273478492717829,0.262597230841993,0.241942478199018,0.369042879436839,0.252017512645463,0.256467900873549
A632,0.264728002677614,0.272828491845112,0.251026211369654,0.215455658409933,0.266445890042026,0.266462579393684,0.236015573240391,0.944620074742355,0.274579255373323,0.232651509522024,0.842028879052904,0.302112305861757,0.270364339477062,0.340448528244225,0.638651085213217,0.241156766458127,0.440548569456459,0.469344948666934,0.248749749666857,0.232372676635243,0.219756781941479,0.887040176959027,0.237473712333722,0.264903493566108,0.446286130171363,0.290046546931256,0.383274369742512,0.270116713010668,0.260616441616507,0.457024713138177,0.261571312343051,0.280559249329308,0.359555017488242,0.650966217374721,0.231405928955339,0.232633139016405,0.260018310714351,0.213304697512725,0.182671473130213,0.288907868929037,0.205745638811823,0.290393110449263,0.325958565747005,0.222925657314178,0.308489584169116,0.378969417021487,0.31891664588394,0.253291105630186,0.33624780088802,0.297068186448357,0.39574836572342,0.752836561726437,0.246168535068341,0.240867589910272,0.365887405751875,0.461856112850951,0.244511529629614,0.240917359389262,0.237035255399826,0.2345323209589,0.283506838533039,0.269674060798903,0.244671887279829,0.238994015137544,0.265887339951053,0.236459526254541,0.230958707294843,0.238899460211511,0.279709507302573,0.307046075299106,0.275488740172776,0.398727042012231,0.298841086438216,0.269193391020927,0.297240956396773,0.52960004449657,0.276402915182584,0.199652864433224,0.263719822825238,0.264800168208202,0.488141404309057,0.466900095337785,0.304204793409627,0.484896203310423,0.269046878168031,0.232430874705128,0.421119472662929,0.275713851727705,0.284554009176218,0.269427365718426,0.270328509407846,0.250781193164183,0.248190414625321,0.529508535711211,0.263633020890616,0.517128117628228,0.218614763026116,0.256024741367871,0.277235044554212,0.335184435825669,0.252326209311572,0.281654585794149,0.348321237215057,0.26500820815814,0.392426338936529,0.261786727785463,0.246409885258314,0.493627741857988,0.273131976743768,0.265110964415003,0.281572282467777,0.260662635315255,0.309114915438698,0.272651376855394,0.244598102402412,0.249514965687705,0.347026677349779,0.288318296888191
AH83,0.942402938376423,0.296453796467262,0.24843176861881,0.203902688997011,0.242176667795157,0.254403095313286,0.251557570601991,0.274579255373323,0.996996233819563,0.238733177159202,0.29371042753278,0.305889364828731,0.299533142309108,0.299150871385267,0.256434626766914,0.245458167170884,0.299404362397505,0.283571468348053,0.249790546093082,0.238807056649073,0.193006044752615,0.269369602675655,0.229397172954004,0.239407204840893,0.240147736044542,0.272254911210785,0.263224871321072,0.257616769445333,0.252320008154586,0.290438445028892,0.253333031784266,0.269025838545237,0.262027377653098,0.246407942612646,0.242350974839374,0.242473942503477,0.237303312451056,0.216350645633676,0.174247104137184,0.259961826603749,0.200906769469561,0.287962057226123,0.293050475236551,0.257992029538773,0.276111052401733,0.328459867528795,0.315263317185976,0.220610017972867,0.305957445383406,0.249018974872861,0.303135264274569,0.247487493060818,0.233453967667309,0.254277968203118,0.305102384615339,0.284164024247002,0.248167884499794,0.264760399598429,0.236005225300361,0.252194899111117,0.295849086433743,0.288578945166185,0.264174732817377,0.245435704082321,0.220643898740263,0.227675110755621,0.233643194952923,0.248723170698816,0.302862155678987,0.274576741724853,0.301264276367988,0.29919876002572,0.268513400377424,0.29121061007301,0.285859696702253,0.278478013056458,0.278439201030896,0.200336965250932,0.28575086860794,0.283350993278819,0.285237046435834,0.291391152981294,0.254071381671634,0.278345631215442,0.294223881239298,0.214967036906848,0.261596366101277,0.278502071719876,0.236629618052432,0.306121192441591,0.252710882155607,0.246668258558451,0.274345391453219,0.27621390232017,0.270461807420718,0.27779196246149,0.218254821116908,0.282349792877838,0.280915881704377,0.274227075013436,0.27147846863777,0.30324529285354,0.260793972615759,0.284264195539475,0.268077130465082,0.278987397001126,0.295092068891088,0.290625413977031,0.309255285613662,0.278509397291205,0.29158763166968,0.245018343348516,0.301427515656821,0.267191807499413,0.247182081681436,0.250762386205132,0.283466698129603,0.29022129470786
B100,0.245451507690251,0.276657419831768,0.241440043277619,0.204886756461309,0.22902450115303,0.264448012095728,0.423577173792832,0.232651509522024,0.238733177159202,0.988159995418589,0.234214040859428,0.248140741185104,0.238000466459368,0.267198261114756,0.218972637249077,0.284675464942811,0.251876532957101,0.249806577911956,0.452338882530953,0.681663588050307,0.192830314242629,0.231423022905985,0.25589634323416,0.219388361044792,0.254606099883815,0.229691323074138,0.261971452659311,0.299471894295033,0.36288159898524,0.315247778873271,0.417259278825953,0.237725129478998,0.222921695952527,0.242406805696147,0.232863119071491,0.233727359149374,0.230428943161923,0.199528090099142,0.183373448570174,0.225753241792573,0.193711315938971,0.252783827882362,0.272826432716774,0.808570004279754,0.246147543940372,0.268980131221065,0.239640372242175,0.222528356797862,0.272165547132869,0.316601056939213,0.260069000168713,0.237959867732283,0.206399760318412,0.454584441143745,0.274140324426277,0.24754300252051,0.228863803563595,0.4218105633917,0.226014337934547,0.440866447334142,0.239860764109502,0.311571384704938,0.236762715905288,0.223841174965045,0.215058947913997,0.220667545673102,0.393429845694371,0.453378003983932,0.247933639752676,0.242331171359198,0.259841286058133,0.268883946488535,0.265235000391591,0.256065373375718,0.245709669895265,0.247940108582083,0.303176582817008,0.213120346334299,0.247934723279225,0.253842971517673,0.235156874409511,0.243433949402598,0.260963493886288,0.249345276111604,0.325833467163204,0.230186096763943,0.244616990661612,0.251119835385208,0.286813077401504,0.263707095786109,0.231158252092361,0.258209369560152,0.233230403192409,0.232167226404088,0.242428476702555,0.244886264837881,0.20871883661164,0.292660596805776,0.245212540402894,0.28704164445049,0.248644765500646,0.296698708174292,0.250357565662745,0.303574961154599,0.257192776806383,0.241929573345528,0.297050305169951,0.247950936715975,0.277255221254372,0.246696448315411,0.258972487942066,0.249320762928054,0.244621879130226,0.245958754534509,0.219040898946189,0.266870252097442,0.233251634892749,0.224723329602097
B14,0.282027118291359,0.271745826792982,0.235363359672388,0.210860025326014,0.263987105861014,0.252855660605322,0.243360124112827,0.842028879052904,0.29371042753278,0.234214040859428,0.99866178052834,0.293409714446225,0.283701130199871,0.348669305498982,0.725311564231718,0.248107326348387,0.539783500061143,0.485114730028715,0.252962253183255,0.237980114322045,0.216261171253802,0.777077799130757,0.230936972104106,0.256364724328196,0.472796740000568,0.292783396164307,0.424335301486646,0.269819269521336,0.242506176348555,0.422241821696606,0.268943698294603,0.278833723078958,0.351145624363028,0.706332832704448,0.230250829749322,0.230416659232378,0.244758552763323,0.199468518009193,0.168124854413303,0.279237032199275,0.19071403713008,0.33899913913887,0.33288919473931,0.223459250161137,0.321579274737021,0.407681788455095,0.349433335773796,0.246568267932977,0.337097317081007,0.316039941852308,0.492471732185389,0.709576714358558,0.253775825201553,0.247523537077795,0.448803961081712,0.557447466972047,0.236441802822039,0.249972711676273,0.228542579542934,0.225068691209128,0.296883010857893,0.306326225712332,0.249369130811491,0.231886460855869,0.251476863801354,0.235248422180906,0.232715903519061,0.256401308444409,0.285455130044543,0.310794337372919,0.290497829320251,0.458730879017935,0.30376287622728,0.268173440238193,0.300936120439878,0.543416163782613,0.27350291604332,0.194805646373897,0.288830448366005,0.269062611410919,0.574013417365827,0.475686132085292,0.30118941889913,0.542003240409044,0.268593337441561,0.224099396599992,0.495663800446234,0.27615070928323,0.270970497699202,0.265871871527949,0.275352883344685,0.246615064013531,0.263216944318815,0.536430893007646,0.2660464162919,0.531804940197949,0.223171761898834,0.256897725728457,0.266116834107002,0.343064436136188,0.256578121054625,0.278545447013456,0.34757939807743,0.25948061482478,0.439405050054134,0.265484897081447,0.260255942016802,0.522791483636893,0.274784489279519,0.26778115465739,0.279597920708465,0.256694331297564,0.300195330121718,0.263109563937684,0.243879907820427,0.270583028795653,0.363612119810883,0.291666739091946
B164,0.31439454569452,0.273499063557307,0.242191960781097,0.208112731163281,0.266534856652547,0.503245300840923,0.234362023771159,0.302112305861757,0.305889364828731,0.248140741185104,0.293409714446225,0.988910297378753,0.319011787502276,0.308529563398573,0.275084518208679,0.226684126597937,0.29234008404256,0.317453797087235,0.252474385251728,0.247971371104326,0.211199660740088,0.291567334207896,0.210346996186941,0.246502551738778,0.293465563369697,0.29645355637033,0.28359842576591,0.281319964364709,0.240564027039543,0.270092830259852,0.270157717763058,0.302260499393174,0.280529427388654,0.289174689837649,0.222787905859806,0.222429552393861,0.271319651886873,0.202611136286371,0.174127245371765,0.33751526973695,0.199915913205094,0.288296159951104,0.294857928740653,0.259020388943945,0.307650824318662,0.338499561133237,0.280696766867462,0.237609164562825,0.296014684377778,0.243603461164337,0.284549809143954,0.29423089111882,0.224121311982288,0.24385248447189,0.27851380223788,0.291080686729485,0.231839458434585,0.250901641474543,0.240950611625681,0.239477738663225,0.274748090584698,0.284523715124171,0.252477035826764,0.240393445063561,0.246889842827965,0.221013821074792,0.22672952964085,0.234265141568929,0.319766483474007,0.316170481365384,0.275643609349767,0.279846060649485,0.2729872277713,0.276289551395743,0.297340033703029,0.275689660416675,0.28266251128641,0.208044034439055,0.280326073370115,0.256259382156065,0.289622023701859,0.303525057601679,0.262869325325188,0.28417944417528,0.276103632217949,0.251482592371508,0.259741217460585,0.28834964403866,0.237733930814437,0.276154450040967,0.25315371503437,0.248995914632326,0.241790579567825,0.259054370504508,0.268009365126774,0.278397553959784,0.219965915402195,0.242362929289367,0.271398191634413,0.268527226632604,0.241809880033044,0.274312059818409,0.268156156587198,0.270430451236899,0.246520274695841,0.285749313920879,0.253935463036413,0.283054771193482,0.269749433644144,0.268330584393041,0.279191408552449,0.262228639737975,0.403253685025772,0.279508144424529,0.260168177317257,0.266200137758015,0.300549048528285,0.286689897215958
B2,0.303545799599366,0.288566288016658,0.256323227495956,0.228072937583428,0.268223192601362,0.300805308975426,0.252585153139072,0.270364339477062,0.299533142309108,0.238000466459368,0.283701130199871,0.319011787502276,0.997319803183122,0.274909110997532,0.256701478579092,0.255802669297462,0.28347642181761,0.287789710894274,0.246807295125707,0.242322931993211,0.189156758447923,0.270829272208634,0.253349016059193,0.238934342254428,0.272127076472845,0.288200814844675,0.272398814376439,0.289913471424055,0.249818248049147,0.256949447837343,0.276661094503419,0.298370842572342,0.253634666272511,0.272279848961781,0.230473913079479,0.230469689750682,0.237066388602534,0.209180748876269,0.178875471228501,0.250379342692155,0.174708995957916,0.296374000608646,0.284966811871839,0.242917888861475,0.327079600190552,0.321602569844654,0.313215269916096,0.216731280570306,0.257188928599326,0.267820374610016,0.257956230848561,0.275370616285977,0.22570969961974,0.237612673781541,0.260380865163438,0.276409690670448,0.269768125071404,0.261234564748308,0.257487159891856,0.261375859653038,0.295398589470749,0.27583881195862,0.249290259682641,0.280307984324662,0.25010790098735,0.240121096695689,0.219373751265368,0.257186643161801,0.34104099903951,0.324842513433647,0.278905093674754,0.259882180508566,0.278733470486336,0.28088857483851,0.275958866129661,0.261264105704236,0.307206592221543,0.200145295157329,0.273788791139506,0.289031564490966,0.273515160035949,0.291407687815126,0.280702552014913,0.250010254753894,0.288644279107052,0.22944611421744,0.235115940973041,0.275611461083794,0.275934981952527,0.264160518603591,0.257524688706293,0.27552627136441,0.262119691832916,0.245555542403843,0.279946317521062,0.259260630409077,0.252799544484869,0.291358055262703,0.273569041115461,0.264412043673626,0.259934222112776,0.261316083124117,0.265474876719211,0.260745986510215,0.266564677642322,0.282100663071845,0.277220757598187,0.261822763244529,0.278583098491276,0.242042590061557,0.28325942173545,0.243177556783286,0.32191522121626,0.281652722546873,0.259853724505505,0.279300619375534,0.311053347761945,0.329802370234626
B37,0.301985849422836,0.265836853509344,0.257887445217154,0.204807748881332,0.25877579483048,0.256115792780461,0.276871835900417,0.340448528244225,0.299150871385267,0.267198261114756,0.348669305498982,0.308529563398573,0.274909110997532,0.992077715529481,0.306517601033464,0.252900631949197,0.374081838430249,0.381904468886437,0.276466499030767,0.261441602471847,0.201508333044678,0.356979126385454,0.237891522357824,0.228424167539818,0.335240719776255,0.381577523902653,0.324059040537213,0.394163152119859,0.275370406617171,0.308177489061688,0.362870415698065,0.293230725274123,0.33934138091211,0.324237184853379,0.23111168517363,0.232160739032542,0.24877174730018,0.204651784767244,0.192381384328124,0.253284937753962,0.196882162008266,0.33977461133993,0.929340506179559,0.259832135274685,0.342220428384882,0.329888143793678,0.291662302766266,0.226182565534282,0.714323893773024,0.284563831755634,0.519939220997452,0.319880781499404,0.236312560307833,0.265434906998544,0.517984208673623,0.432250591291705,0.239533937985585,0.292922092316903,0.236300513147143,0.243037596912583,0.262162593113346,0.275739738931319,0.267405748604033,0.236457587887829,0.250373478621752,0.25873080066551,0.272234646554325,0.273032073599156,0.286838268561736,0.280312317955416,0.271869632181428,0.559158858407002,0.736660193564644,0.265933020175175,0.275134254882346,0.573186297699877,0.278907170869792,0.201182300904673,0.266540176820198,0.273043486999034,0.329947467704224,0.496404395834212,0.434292969421365,0.471126495474404,0.315806018026831,0.216071504662119,0.51123658393973,0.264756506700062,0.26549496498763,0.291865116210129,0.245847586327132,0.259596349152811,0.245228168098219,0.378726125612165,0.259379656679987,0.530542066471481,0.208374684998056,0.291684475361314,0.264352623724307,0.431781207020391,0.255637459312033,0.278288631253017,0.436073365189882,0.330141291063179,0.368185186635874,0.354869750276789,0.257780584491362,0.549800981609062,0.286152537937531,0.263679785116727,0.279795336488043,0.233134734787142,0.30688628294642,0.254527724162892,0.254180863019777,0.257200912051127,0.321946207032733,0.282041160871498
B64,0.24459133404614,0.247038672021951,0.213518029103947,0.243066885885593,0.238096432489743,0.232221727932107,0.223390029978056,0.638651085213217,0.256434626766914,0.218972637249077,0.725311564231718,0.275084518208679,0.256701478579092,0.306517601033464,0.995657127177856,0.228781376622962,0.391808383159421,0.394287513297044,0.231278035738344,0.227736151478088,0.474231487947493,0.576789921578618,0.215042405948574,0.232593414622503,0.380735036131327,0.262101106428658,0.357328614331631,0.255775559263535,0.226726385084206,0.35202092839278,0.255716871966437,0.248766939656276,0.326337639340421,0.539768607870675,0.20969781354555,0.209689162448983,0.230661036545446,0.189530398719095,0.166819652310965,0.258047976878215,0.184167439613967,0.298484563414225,0.298683622788045,0.211176225853252,0.278430610315142,0.398022539611496,0.275605104458102,0.227295918777777,0.301260005495243,0.295452210484873,0.374672506834509,0.552554407990058,0.219625379981207,0.231189899720574,0.34910533674071,0.421585370536621,0.211976540717414,0.232044575858111,0.211660782824321,0.215075249782489,0.26173578016747,0.254265041003973,0.229075094568619,0.214025411448454,0.235488826246337,0.204401352257107,0.219574585454724,0.226072409062094,0.24661468936723,0.274743172638837,0.25120563556887,0.344294297723169,0.265775383465038,0.240729770468056,0.259076200307699,0.641907255075827,0.241009917469528,0.169276138217587,0.247322403361575,0.233440729530751,0.64205640851953,0.433049405668905,0.267888751838919,0.573627217410219,0.231887721245899,0.207289811054156,0.362910922665332,0.253741821295335,0.245074552179666,0.246186849472103,0.248596818856577,0.239975161501748,0.241961643639428,0.470732313841001,0.236660231124362,0.604162570200967,0.223481977118605,0.229220909476375,0.243195722374494,0.343252841386962,0.227862313144539,0.2539234192038,0.337224642147837,0.237684320132229,0.339914517485973,0.238389404470874,0.22395680707359,0.563697235742062,0.246378028436734,0.238213753359279,0.252637733416199,0.221670668275853,0.263345496494914,0.229679571161359,0.217875909172911,0.248824934713508,0.337621466273806,0.259260262418929
B70,0.258750326013598,0.264943069622896,0.235433757994472,0.209262111307933,0.231794358722053,0.219179468631886,0.29272393913071,0.241156766458127,0.245458167170884,0.284675464942811,0.248107326348387,0.226684126597937,0.255802669297462,0.252900631949197,0.228781376622962,0.995979800338016,0.247374846712135,0.257590270351123,0.35102884074009,0.464460015420898,0.197174536837425,0.246349911422014,0.641962198762551,0.219967898460218,0.245336849757176,0.277826534042434,0.233499418254168,0.308708925315218,0.274847560128516,0.262695912582611,0.307215442527247,0.242053071600077,0.23298551763455,0.236993610705911,0.226957608413502,0.226504633935438,0.226518102660138,0.192424330775303,0.196935342290002,0.224244027188033,0.201694717202271,0.252745746131824,0.261423687912678,0.243577717068003,0.247333092191703,0.27856333875153,0.230492847931747,0.255741623820601,0.262587175772676,0.434494381745114,0.256634792012938,0.232830663671621,0.275917813833324,0.458561701490142,0.275861124332871,0.24660666775252,0.482913231342337,0.28932368400913,0.525653497064391,0.437208801645806,0.249703888692059,0.50285026959719,0.243433450666596,0.53208710971892,0.215464870049632,0.231329863870232,0.348972289759878,0.303842325490523,0.231242563199608,0.242082408117034,0.231353695749024,0.30574316053605,0.260622229141155,0.237348385538977,0.277429608647859,0.280377668061224,0.256950198080824,0.217794590006239,0.293532678306812,0.332635102771585,0.248361037489098,0.245209076350927,0.440690705413609,0.244534290818723,0.291301387632466,0.213031964038884,0.281271992997788,0.295866858836511,0.43376053569583,0.339661265144349,0.268659038421697,0.385940007651989,0.228339620614594,0.324167589548558,0.277849692223499,0.281061649543625,0.214043461983311,0.392922099638671,0.230194353721191,0.30997591872468,0.316869164387026,0.276779471324015,0.392199442581835,0.339972154537286,0.333808869632889,0.248154478057664,0.274740107005145,0.264268359685567,0.285544702364947,0.331947906367499,0.235605621755261,0.227540576124692,0.238744516865962,0.244019746929504,0.23673293295067,0.240410522373826,0.237621723771822,0.236577222245819
B73,0.289940409348894,0.280913555854498,0.233824976856462,0.208683203849803,0.261236227835568,0.26453086075117,0.262598173638458,0.440548569456459,0.299404362397505,0.251876532957101,0.539783500061143,0.29234008404256,0.28347642181761,0.374081838430249,0.391808383159421,0.247374846712135,0.998169723024218,0.586632392907345,0.267400959502268,0.248763942010427,0.193780690639879,0.429657540627624,0.233876212590773,0.262170952290079,0.411417615885052,0.290306796315536,0.350851255065299,0.263336257279725,0.248003542191394,0.32072485248416,0.261683479448751,0.336437796483815,0.299697915365666,0.407322069526997,0.234375443050155,0.235292896690537,0.239776741594012,0.200661462672333,0.176257899298399,0.275808033433755,0.18769215527958,0.315067294444041,0.375563761858425,0.249332694556953,0.357416168411492,0.363970261706264,0.359109021035256,0.217460628011341,0.349818567259206,0.29775297998137,0.847469367121262,0.388158373028947,0.248001285280238,0.243167844030386,0.752855294041492,0.840964528879975,0.236058813033722,0.265758941341902,0.254140621347733,0.247459587141222,0.284842406478784,0.293961001723879,0.255581580435874,0.257168309265022,0.237088095266902,0.23128460345916,0.24184604100813,0.272104174078213,0.296636302940551,0.296220744122331,0.296231336438247,0.436741384743011,0.340449656462084,0.286273339974855,0.270955590294671,0.357615067562212,0.270212268261342,0.206281216143123,0.28707501126782,0.268583957971729,0.729981008342224,0.641384711917552,0.308563172214593,0.650725734861778,0.269423144766826,0.215700791671755,0.527388254922899,0.265047055841663,0.251068447985707,0.265232117802094,0.250009475984044,0.254262828308687,0.271175598957786,0.387563603008394,0.296228452897871,0.418925536792174,0.223106357117487,0.27407494626954,0.255243976099209,0.307604134736548,0.262090192715661,0.27079665135583,0.31215627414246,0.274345665306353,0.37933808324494,0.289273643054204,0.285701847946113,0.560693861799187,0.278149159183208,0.261862272264352,0.283141866474255,0.248795544471891,0.331220757358566,0.265296641118667,0.248988933754611,0.266179633004623,0.29901936720551,0.283638492951669
B841,0.281360055322441,0.292956814612158,0.233614343384224,0.21656966348094,0.249432460299559,0.270939509505532,0.262210137535624,0.469344948666934,0.283571468348053,0.249806577911956,0.485114730028715,0.317453797087235,0.287789710894274,0.381904468886437,0.394287513297044,0.257590270351123,0.586632392907345,0.993970534665572,0.268615396406576,0.248830132693216,0.218430325793146,0.459681726575697,0.224861188981229,0.251857999851184,0.393995564461648,0.277184805816467,0.334406310196936,0.275733772165991,0.249363347565798,0.304436960486268,0.273791335691541,0.306447187021878,0.337666917811544,0.39882775387938,0.225179091581763,0.22680076283464,0.248980759048392,0.205503710962897,0.187734257821703,0.276216704560397,0.189775087920454,0.301308904444567,0.369143062139859,0.244259048926247,0.361917490469825,0.363595429983785,0.352723662634132,0.252180315956303,0.37395253553523,0.291831876335136,0.496406566215385,0.399681656001463,0.245502360695789,0.258347022598555,0.486219226785794,0.665386149064567,0.232935009322626,0.266935586513748,0.236579791520706,0.240005040019699,0.280764147575239,0.280695114715309,0.236244518263754,0.242768652691305,0.232462987313141,0.244491345322423,0.249166274578076,0.266716310978293,0.30097978860417,0.315277200493893,0.282750068694347,0.368771177191205,0.337913832069615,0.286765024258995,0.304898937886104,0.398994202860064,0.284360652698821,0.205547693392677,0.291273503107645,0.260620234197146,0.497549080538674,0.458552764654455,0.295532985748793,0.521721247047906,0.308795500465214,0.225004290555938,0.373648833360737,0.283925594206244,0.253685758424102,0.289314130053013,0.251072460219381,0.259513179100288,0.245251525963862,0.354653165728724,0.287037170565092,0.396740028808665,0.221153450515064,0.271477620929198,0.262221858069398,0.313393706152096,0.256185554013657,0.28090519192337,0.31789297954176,0.296793550741203,0.333478678348415,0.269709984054255,0.261839550536718,0.462757305035196,0.271964989649283,0.277969707883943,0.287572773094684,0.243506748693997,0.345951044998265,0.272496165837425,0.228342049159399,0.261226274510298,0.319845985035592,0.303285756080375
